%% Problem 3

A = [
    0.1036 0.2122
    0.2081 0.4247
    ]

b = [
    0.7381
    0.9327
    ]

A\b